generation_technology	investment_period	g_overnight_cost	g_fixed_o_m
Battery_Storage	2015	4253859.18306971	28004.49015
Battery_Storage	2025	4023321.36791347	28004.49015
Battery_Storage	2035	3805277.5451368	28004.49015
Battery_Storage	2045	3639080.61514254	28004.49015
Bio_Gas	2015	2184709.7283822	123961.25
Bio_Gas	2025	1889734.06017953	123961.25
Bio_Gas	2035	1634585.48831886	123961.25
Bio_Gas	2045	1454687.15421016	123961.25
Bio_Gas_CCS	2025	3154592.69299291	169626.56725
Bio_Gas_CCS	2035	2593751.03203211	169626.56725
Bio_Gas_CCS	2045	2215504.755072	169626.56725
Bio_Gas_Internal_Combustion_Engine_Cogen	2015	1614937.43128969	123961.25
Bio_Gas_Internal_Combustion_Engine_Cogen	2025	1396891.41734488	123961.25
Bio_Gas_Internal_Combustion_Engine_Cogen	2035	1208285.59301736	123961.25
Bio_Gas_Internal_Combustion_Engine_Cogen	2045	1075304.74443847	123961.25
Bio_Gas_Internal_Combustion_Engine_Cogen_CCS	2025	2365944.51974468	127219.9254375
Bio_Gas_Internal_Combustion_Engine_Cogen_CCS	2035	1945313.27402408	127219.9254375
Bio_Gas_Internal_Combustion_Engine_Cogen_CCS	2045	1661628.566304	127219.9254375
Bio_Gas_Internal_Combustion_Engine_Cogen_Existing	2015	1934283.75	123961.25
Bio_Gas_Internal_Combustion_Engine_Cogen_Existing	2025	1934283.75	123961.25
Bio_Gas_Internal_Combustion_Engine_Cogen_Existing	2035	1934283.75	123961.25
Bio_Gas_Internal_Combustion_Engine_Cogen_Existing	2045	1934283.75	123961.25
Bio_Gas_Internal_Combustion_Engine_EP	2015	2579045	123961.25
Bio_Gas_Internal_Combustion_Engine_EP	2025	2579045	123961.25
Bio_Gas_Internal_Combustion_Engine_EP	2035	2579045	123961.25
Bio_Gas_Internal_Combustion_Engine_EP	2045	2579045	123961.25
Bio_Gas_Steam_Turbine_Existing	2015	2230692.8385	137570.5135
Bio_Gas_Steam_Turbine_Existing	2025	2230692.8385	137570.5135
Bio_Gas_Steam_Turbine_Existing	2035	2230692.8385	137570.5135
Bio_Gas_Steam_Turbine_Existing	2045	2230692.8385	137570.5135
Bio_Liquid_Steam_Turbine_Cogen	2015	2322178.9175595	75300.35625
Bio_Liquid_Steam_Turbine_Cogen	2025	2197574.22414862	75300.35625
Bio_Liquid_Steam_Turbine_Cogen	2035	2079655.63468201	75300.35625
Bio_Liquid_Steam_Turbine_Cogen	2045	1989731.61830387	75300.35625
Bio_Liquid_Steam_Turbine_Cogen_CCS	2025	2361240.33915999	100303.6338675
Bio_Liquid_Steam_Turbine_Cogen_CCS	2035	2056831.3384857	100303.6338675
Bio_Liquid_Steam_Turbine_Cogen_CCS	2045	1840877.54502791	100303.6338675
Bio_Liquid_Steam_Turbine_Cogen_EP	2015	2252390.445	75300.35625
Bio_Liquid_Steam_Turbine_Cogen_EP	2025	2252390.445	75300.35625
Bio_Liquid_Steam_Turbine_Cogen_EP	2035	2252390.445	75300.35625
Bio_Liquid_Steam_Turbine_Cogen_EP	2045	2252390.445	75300.35625
Biomass_IGCC	2015	2586508.81074105	151357.5
Biomass_IGCC	2025	2228219.61913964	151357.5
Biomass_IGCC	2035	1919561.47626511	151357.5
Biomass_IGCC	2045	1702706.66241569	151357.5
Biomass_IGCC_CCS	2025	3646641.39328706	171634.4574
Biomass_IGCC_CCS	2035	3070560.86492243	171634.4574
Biomass_IGCC_CCS	2045	2673838.32247743	171634.4574
Biomass_Steam_Turbine	2015	3414391.63156094	100400.475
Biomass_Steam_Turbine	2025	3275508.02280509	100400.475
Biomass_Steam_Turbine	2035	3142273.63618378	100400.475
Biomass_Steam_Turbine	2045	3039459.06244467	100400.475
Bio_Solid_Steam_Turbine_Cogen	2015	2322178.9175595	75300.35625
Bio_Solid_Steam_Turbine_Cogen	2025	2197574.22414862	75300.35625
Bio_Solid_Steam_Turbine_Cogen	2035	2079655.63468201	75300.35625
Bio_Solid_Steam_Turbine_Cogen	2045	1989731.61830387	75300.35625
Bio_Solid_Steam_Turbine_Cogen_CCS	2025	2361240.33915999	100303.6338675
Bio_Solid_Steam_Turbine_Cogen_CCS	2035	2056831.3384857	100303.6338675
Bio_Solid_Steam_Turbine_Cogen_CCS	2045	1840877.54502791	100303.6338675
Bio_Solid_Steam_Turbine_Cogen_EP	2015	2252390.445	75300.35625
Bio_Solid_Steam_Turbine_Cogen_EP	2025	2252390.445	75300.35625
Bio_Solid_Steam_Turbine_Cogen_EP	2035	2252390.445	75300.35625
Bio_Solid_Steam_Turbine_Cogen_EP	2045	2252390.445	75300.35625
Bio_Solid_Steam_Turbine_EP	2015	3536811.443	100400.475
Bio_Solid_Steam_Turbine_EP	2025	3536811.443	100400.475
Bio_Solid_Steam_Turbine_EP	2035	3536811.443	100400.475
Bio_Solid_Steam_Turbine_EP	2045	3536811.443	100400.475
CCGT	2015	842844.737922681	7234.8885
CCGT	2025	806562.175050877	7234.8885
CCGT	2035	771841.494586728	7234.8885
CCGT	2045	745105.754434117	7234.8885
CCGT_CCS	2025	1433903.23334765	30067.547125
CCGT_CCS	2035	1193623.36266539	30067.547125
CCGT_CCS	2045	1029807.05790964	30067.547125
CCGT_Cogen	2015	688869.944345645	6281.33625
CCGT_Cogen	2025	601323.439091869	6281.33625
CCGT_Cogen	2035	524902.968070042	6281.33625
CCGT_Cogen	2045	470589.071970887	6281.33625
CCGT_Cogen_CCS	2025	1075427.4255501	22550.66034375
CCGT_Cogen_CCS	2035	895217.522448015	22550.66034375
CCGT_Cogen_CCS	2045	772355.29381959	22550.66034375
CCGT_Cogen_Existing	2015	815816.925	6281.33625
CCGT_Cogen_Existing	2025	815816.925	6281.33625
CCGT_Cogen_Existing	2035	815816.925	6281.33625
CCGT_Cogen_Existing	2045	815816.925	6281.33625
CCGT_EP	2015	874895.4622	8375.115
CCGT_EP	2025	874895.4622	8375.115
CCGT_EP	2035	874895.4622	8375.115
CCGT_EP	2045	874895.4622	8375.115
Central_PV_1_Axis	2015	2602000	50000
Central_PV_1_Axis	2025	2401500	50000
Central_PV_1_Axis	2035	2238500	50000
Central_PV_1_Axis	2045	2130000	50000
Central_PV_Fixed	2015	2331700	50000
Central_PV_Fixed	2025	2099000	50000
Central_PV_Fixed	2035	1929250	50000
Central_PV_Fixed	2045	1817500	50000
Coal_IGCC	2015	2781271.53872175	48605.05965
Coal_IGCC	2025	2396003.362911	48605.05965
Coal_IGCC	2035	2064103.42721131	48605.05965
Coal_IGCC	2045	1830919.5620377	48605.05965
Coal_IGCC_CCS	2025	3806068.65614826	68882.01705
Coal_IGCC_CCS	2035	3204802.50300739	68882.01705
Coal_IGCC_CCS	2045	2790735.67516769	68882.01705
Coal_IGCC_Existing	2015	2781271.53872175	48605.05965
Coal_IGCC_Existing	2025	2396003.362911	48605.05965
Coal_IGCC_Existing	2035	2064103.42721131	48605.05965
Coal_IGCC_Existing	2045	1830919.5620377	48605.05965
Coal_Steam_Turbine	2015	1939664.68121705	29491.045395
Coal_Steam_Turbine	2025	1831995.00225095	29491.045395
Coal_Steam_Turbine	2035	1730302.00568821	29491.045395
Coal_Steam_Turbine	2045	1652883.49047824	29491.045395
Coal_Steam_Turbine_CCS	2025	3480154.51837421	62828.748885
Coal_Steam_Turbine_CCS	2035	3031496.09866109	62828.748885
Coal_Steam_Turbine_CCS	2045	2713208.90120895	62828.748885
Coal_Steam_Turbine_Cogen	2015	2435399.23409479	22118.28404625
Coal_Steam_Turbine_Cogen	2025	2160623.81186465	22118.28404625
Coal_Steam_Turbine_Cogen	2035	1916850.09629712	22118.28404625
Coal_Steam_Turbine_Cogen	2045	1741122.78142503	22118.28404625
Coal_Steam_Turbine_Cogen_CCS	2025	2610115.88838267	47121.56166375
Coal_Steam_Turbine_Cogen_CCS	2035	2273622.07364914	47121.56166375
Coal_Steam_Turbine_Cogen_CCS	2045	2034906.67559643	47121.56166375
Coal_Steam_Turbine_Cogen_Existing	2015	2826846.414	22118.28404625
Coal_Steam_Turbine_Cogen_Existing	2025	2826846.414	22118.28404625
Coal_Steam_Turbine_Cogen_Existing	2035	2826846.414	22118.28404625
Coal_Steam_Turbine_Cogen_Existing	2045	2826846.414	22118.28404625
Coal_Steam_Turbine_EP	2015	2035870.963	29491.045395
Coal_Steam_Turbine_EP	2025	2035870.963	29491.045395
Coal_Steam_Turbine_EP	2035	2035870.963	29491.045395
Coal_Steam_Turbine_EP	2045	2035870.963	29491.045395
Commercial_PV	2015	3329678.93930712	10621.2603
Commercial_PV	2025	2085698.82953038	10621.2603
Commercial_PV	2035	1306474.19369798	10621.2603
Commercial_PV	2045	893413.27400043	10621.2603
Compressed_Air_Energy_Storage	2015	1179240.86338813	10247.815235
Compressed_Air_Energy_Storage	2025	1165166.1438208	10247.815235
Compressed_Air_Energy_Storage	2035	1151259.41175887	10247.815235
Compressed_Air_Energy_Storage	2045	1140249.24512893	10247.815235
Concentrating_PV	2015	2565328.73362364	16897.4645
Concentrating_PV	2025	1340275.7358058	16897.4645
Concentrating_PV	2035	700237.370924534	16897.4645
Concentrating_PV	2045	411934.48621382	16897.4645
CSP_Tower_16h_Storage	2015	9710666.6682	50000
CSP_Tower_16h_Storage	2025	7343666.6667	50000
CSP_Tower_16h_Storage	2035	5389833.3333	50000
CSP_Tower_16h_Storage	2045	4850000	50000
CSP_Tower_No_Storage	2015	4556000	50000
CSP_Tower_No_Storage	2025	4187400	50000
CSP_Tower_No_Storage	2035	3820100	50000
CSP_Tower_No_Storage	2045	3585000	50000
CSP_Trough_16h_Storage	2015	9710666.6682	50000
CSP_Trough_16h_Storage	2025	7343666.6667	50000
CSP_Trough_16h_Storage	2035	5389833.3333	50000
CSP_Trough_16h_Storage	2045	4850000	50000
CSP_Trough_6h_Storage	2015	6489000	68615.4
CSP_Trough_6h_Storage	2025	5371000	68615.4
CSP_Trough_6h_Storage	2035	4415000	68615.4
CSP_Trough_6h_Storage	2045	4075000	68615.4
CSP_Trough_No_Storage	2015	4556000	68615.4
CSP_Trough_No_Storage	2025	4187400	68615.4
CSP_Trough_No_Storage	2035	3820100	68615.4
CSP_Trough_No_Storage	2045	3585000	68615.4
DistillateFuelOil_Combustion_Turbine	2015	489863.0807	17557.47
DistillateFuelOil_Combustion_Turbine	2025	489863.0807	17557.47
DistillateFuelOil_Combustion_Turbine	2035	489863.0807	17557.47
DistillateFuelOil_Combustion_Turbine	2045	489863.0807	17557.47
DistillateFuelOil_Combustion_Turbine_EP	2015	489863.0807	17557.47
DistillateFuelOil_Combustion_Turbine_EP	2025	489863.0807	17557.47
DistillateFuelOil_Combustion_Turbine_EP	2035	489863.0807	17557.47
DistillateFuelOil_Combustion_Turbine_EP	2045	489863.0807	17557.47
DistillateFuelOil_Internal_Combustion_Engine	2015	489863.0807	17557.47
DistillateFuelOil_Internal_Combustion_Engine	2025	489863.0807	17557.47
DistillateFuelOil_Internal_Combustion_Engine	2035	489863.0807	17557.47
DistillateFuelOil_Internal_Combustion_Engine	2045	489863.0807	17557.47
DistillateFuelOil_Internal_Combustion_Engine_EP	2015	489863.0807	17557.47
DistillateFuelOil_Internal_Combustion_Engine_EP	2025	489863.0807	17557.47
DistillateFuelOil_Internal_Combustion_Engine_EP	2035	489863.0807	17557.47
DistillateFuelOil_Internal_Combustion_Engine_EP	2045	489863.0807	17557.47
Gas_Combustion_Turbine	2015	556484.4597	16477.7865
Gas_Combustion_Turbine	2025	556484.4597	16477.7865
Gas_Combustion_Turbine	2035	556484.4597	16477.7865
Gas_Combustion_Turbine	2045	556484.4597	16477.7865
Gas_Combustion_Turbine_CCS	2025	1286922.56338504	39310.445125
Gas_Combustion_Turbine_CCS	2035	1058126.05676154	39310.445125
Gas_Combustion_Turbine_CCS	2045	903819.711787875	39310.445125
Gas_Combustion_Turbine_Cogen	2015	777167.407510426	13168.1025
Gas_Combustion_Turbine_Cogen	2025	672235.629911995	13168.1025
Gas_Combustion_Turbine_Cogen	2035	581471.556521899	13168.1025
Gas_Combustion_Turbine_Cogen	2045	517476.271419087	13168.1025
Gas_Combustion_Turbine_Cogen_CCS	2025	965191.922363885	29482.83384375
Gas_Combustion_Turbine_Cogen_CCS	2035	793594.542427354	29482.83384375
Gas_Combustion_Turbine_Cogen_CCS	2045	677864.783718077	29482.83384375
Gas_Combustion_Turbine_Cogen_Existing	2015	930848.625	13168.1025
Gas_Combustion_Turbine_Cogen_Existing	2025	930848.625	13168.1025
Gas_Combustion_Turbine_Cogen_Existing	2035	930848.625	13168.1025
Gas_Combustion_Turbine_Cogen_Existing	2045	930848.625	13168.1025
Gas_Combustion_Turbine_EP	2015	556484.4597	17557.47
Gas_Combustion_Turbine_EP	2025	556484.4597	17557.47
Gas_Combustion_Turbine_EP	2035	556484.4597	17557.47
Gas_Combustion_Turbine_EP	2045	556484.4597	17557.47
Gas_Internal_Combustion_Engine_Cogen	2015	777167.407510426	32550
Gas_Internal_Combustion_Engine_Cogen	2025	672235.629911995	32550
Gas_Internal_Combustion_Engine_Cogen	2035	581471.556521899	32550
Gas_Internal_Combustion_Engine_Cogen	2045	517476.271419087	32550
Gas_Internal_Combustion_Engine_Cogen_CCS	2025	965191.922363885	29482.83384375
Gas_Internal_Combustion_Engine_Cogen_CCS	2035	793594.542427354	29482.83384375
Gas_Internal_Combustion_Engine_Cogen_CCS	2045	677864.783718077	29482.83384375
Gas_Internal_Combustion_Engine_Cogen_Existing	2015	930848.625	32550
Gas_Internal_Combustion_Engine_Cogen_Existing	2025	930848.625	32550
Gas_Internal_Combustion_Engine_Cogen_Existing	2035	930848.625	32550
Gas_Internal_Combustion_Engine_Cogen_Existing	2045	930848.625	32550
Gas_Internal_Combustion_Engine_Existing	2015	1241131.5	17557.47
Gas_Internal_Combustion_Engine_Existing	2025	1241131.5	17557.47
Gas_Internal_Combustion_Engine_Existing	2035	1241131.5	17557.47
Gas_Internal_Combustion_Engine_Existing	2045	1241131.5	17557.47
Gas_Steam_Turbine_Cogen	2015	353981.25	22565.2875
Gas_Steam_Turbine_Cogen	2025	353981.25	22565.2875
Gas_Steam_Turbine_Cogen	2035	353981.25	22565.2875
Gas_Steam_Turbine_Cogen	2045	353981.25	22565.2875
Gas_Steam_Turbine_Cogen_CCS	2025	1207438.629355	39689.78146875
Gas_Steam_Turbine_Cogen_CCS	2035	1207438.629355	39689.78146875
Gas_Steam_Turbine_Cogen_CCS	2045	1207438.629355	39689.78146875
Gas_Steam_Turbine_Cogen_Existing	2015	353981.25	22565.2875
Gas_Steam_Turbine_Cogen_Existing	2025	353981.25	22565.2875
Gas_Steam_Turbine_Cogen_Existing	2035	353981.25	22565.2875
Gas_Steam_Turbine_Cogen_Existing	2045	353981.25	22565.2875
Gas_Steam_Turbine_Existing	2015	471975	30087.05
Gas_Steam_Turbine_Existing	2025	471975	30087.05
Gas_Steam_Turbine_Existing	2035	471975	30087.05
Gas_Steam_Turbine_Existing	2045	471975	30087.05
Geothermal	2015	3586542.02866202	47869.332
Geothermal	2025	3332277.13365855	47869.332
Geothermal	2035	3096038.13555368	47869.332
Geothermal	2045	2918742.86405584	47869.332
Geothermal_Existing	2015	3739539.3	58908.339
Geothermal_Existing	2025	3739539.3	58908.339
Geothermal_Existing	2035	3739539.3	58908.339
Geothermal_Existing	2045	3739539.3	58908.339
Hydro_NonPumped	2015	1959452.323	13358.93664
Hydro_NonPumped	2025	1959452.323	13358.93664
Hydro_NonPumped	2035	1959452.323	13358.93664
Hydro_NonPumped	2045	1959452.323	13358.93664
Hydro_NonPumped_New	2015	1959452.323	13358.93664
Hydro_NonPumped_New	2025	1959452.323	13358.93664
Hydro_NonPumped_New	2035	1959452.323	13358.93664
Hydro_NonPumped_New	2045	1959452.323	13358.93664
Hydro_Pumped	2015	5561253.7575	12951.409555
Hydro_Pumped	2025	5561253.7575	12951.409555
Hydro_Pumped	2035	5561253.7575	12951.409555
Hydro_Pumped	2045	5561253.7575	12951.409555
Hydro_RoR	2015	1959452.323	6679.46832
Hydro_RoR	2025	1959452.323	6679.46832
Hydro_RoR	2035	1959452.323	6679.46832
Hydro_RoR	2045	1959452.323	6679.46832
Hydro_RoR_EP	2015	1959452.323	6679.46832
Hydro_RoR_EP	2025	1959452.323	6679.46832
Hydro_RoR_EP	2035	1959452.323	6679.46832
Hydro_RoR_EP	2045	1959452.323	6679.46832
Hydro_RoR_RPS	2015	2959452.323	6679.46832
Hydro_RoR_RPS	2025	2959452.323	6679.46832
Hydro_RoR_RPS	2035	2959452.323	6679.46832
Hydro_RoR_RPS	2045	2959452.323	6679.46832
Nuclear	2015	3885593.956	149036.685
Nuclear	2025	3885593.956	149036.685
Nuclear	2035	3885593.956	149036.685
Nuclear	2045	3885593.956	149036.685
Nuclear_Existing	2015	3985747.5	149036.685
Nuclear_Existing	2025	3985747.5	149036.685
Nuclear_Existing	2035	3985747.5	149036.685
Nuclear_Existing	2045	3985747.5	149036.685
Offshore_Wind	2015	4918196.58487892	27647.97
Offshore_Wind	2025	4314966.32370689	27647.97
Offshore_Wind	2035	3785723.90375139	27647.97
Offshore_Wind	2045	3407908.29803488	27647.97
Residential_PV	2015	3782090.03443941	10621.2603
Residential_PV	2025	2300487.0319321	10621.2603
Residential_PV	2035	1399289.9523536	10621.2603
Residential_PV	2045	933949.917806861	10621.2603
Wind	2015	1682814.30340092	13823.985
Wind	2025	1452324.08244047	13823.985
Wind	2035	1253403.44218243	13823.985
Wind	2045	1113426.44321126	13823.985
Wind_EP	2015	1905567.384	13823.985
Wind_EP	2025	1905567.384	13823.985
Wind_EP	2035	1905567.384	13823.985
Wind_EP	2045	1905567.384	13823.985
