PROJECT	timepoint	proj_max_capacity_factor
   1	324505	0.127373
   1	324509	0.0926622
   1	324513	0.00997825
   1	324517	0.100604
   1	324521	0.185702
   1	324525	0.133337
   1	325036	0.103586
   1	325040	0.00290833
   1	325044	0.113306
   1	325048	0.202913
   1	325052	0.30504
   1	325056	0.14598
   1	412249	0.20164
   1	412253	0.139399
   1	412257	0.119551
   1	412261	0.261148
   1	412265	0.641459
   1	412269	0.491148
   1	412708	0.103586
   1	412712	0.00290833
   1	412716	0.113306
   1	412720	0.202913
   1	412724	0.30504
   1	412728	0.14598
   1	499897	0.20164
   1	499901	0.139399
   1	499905	0.119551
   1	499909	0.261148
   1	499913	0.641459
   1	499917	0.491148
   1	500186	0.0999947
   1	500190	0.0847367
   1	500194	0.0289431
   1	500198	0.139711
   1	500202	0.264586
   1	500206	0.191
   1	587569	0.20164
   1	587573	0.139399
   1	587577	0.119551
   1	587581	0.261148
   1	587585	0.641459
   1	587589	0.491148
   1	587858	0.0999947
   1	587862	0.0847367
   1	587866	0.0289431
   1	587870	0.139711
   1	587874	0.264586
   1	587878	0.191
  11	324505	0.221543
  11	324509	0.392128
  11	324513	0.0924556
  11	324517	0.184672
  11	324521	0.189081
  11	324525	0.0172812
  11	325036	0.0857865
  11	325040	0
  11	325044	0.00234167
  11	325048	0.463087
  11	325052	0.065625
  11	325056	0.182264
  11	412249	0.232088
  11	412253	0.402684
  11	412257	0.239482
  11	412261	0.0886377
  11	412265	0.325894
  11	412269	0.0274396
  11	412708	0.0857865
  11	412712	0
  11	412716	0.00234167
  11	412720	0.463087
  11	412724	0.065625
  11	412728	0.182264
  11	499897	0.232088
  11	499901	0.402684
  11	499905	0.239482
  11	499909	0.0886377
  11	499913	0.325894
  11	499917	0.0274396
  11	500186	0.604113
  11	500190	0.703991
  11	500194	0.449389
  11	500198	0.335246
  11	500202	0.146394
  11	500206	0
  11	587569	0.232088
  11	587573	0.402684
  11	587577	0.239482
  11	587581	0.0886377
  11	587585	0.325894
  11	587589	0.0274396
  11	587858	0.604113
  11	587862	0.703991
  11	587866	0.449389
  11	587870	0.335246
  11	587874	0.146394
  11	587878	0
  12	324505	0.585303
  12	324509	0.387167
  12	324513	0.0459796
  12	324517	0.10102
  12	324521	0.304869
  12	324525	0.0141464
  12	325036	0.00647969
  12	325040	0.0189754
  12	325044	0.0204272
  12	325048	0.525169
  12	325052	0.0596793
  12	325056	0.108639
  12	412249	0.26466
  12	412253	0.445572
  12	412257	0.189468
  12	412261	0.0363141
  12	412265	0.376358
  12	412269	0.0245457
  12	412708	0.00647969
  12	412712	0.0189754
  12	412716	0.0204272
  12	412720	0.525169
  12	412724	0.0596793
  12	412728	0.108639
  12	499897	0.26466
  12	499901	0.445572
  12	499905	0.189468
  12	499909	0.0363141
  12	499913	0.376358
  12	499917	0.0245457
  12	500186	0.609615
  12	500190	0.706929
  12	500194	0.372272
  12	500198	0.0644885
  12	500202	0.237775
  12	500206	0.0472162
  12	587569	0.26466
  12	587573	0.445572
  12	587577	0.189468
  12	587581	0.0363141
  12	587585	0.376358
  12	587589	0.0245457
  12	587858	0.609615
  12	587862	0.706929
  12	587866	0.372272
  12	587870	0.0644885
  12	587874	0.237775
  12	587878	0.0472162
  15	324505	0.234976
  15	324509	0.132388
  15	324513	0
  15	324517	0.329322
  15	324521	0.979247
  15	324525	0.431962
  15	325036	0.146954
  15	325040	0.0197181
  15	325044	0
  15	325048	1
  15	325052	0.986809
  15	325056	0.217813
  15	412249	0.0309096
  15	412253	0
  15	412257	0
  15	412261	0.395097
  15	412265	0.957232
  15	412269	0.449843
  15	412708	0.146954
  15	412712	0.0197181
  15	412716	0
  15	412720	1
  15	412724	0.986809
  15	412728	0.217813
  15	499897	0.0309096
  15	499901	0
  15	499905	0
  15	499909	0.395097
  15	499913	0.957232
  15	499917	0.449843
  15	500186	0.0568731
  15	500190	0
  15	500194	0
  15	500198	0.687904
  15	500202	0.998877
  15	500206	0.0781387
  15	587569	0.0309096
  15	587573	0
  15	587577	0
  15	587581	0.395097
  15	587585	0.957232
  15	587589	0.449843
  15	587858	0.0568731
  15	587862	0
  15	587866	0
  15	587870	0.687904
  15	587874	0.998877
  15	587878	0.0781387
  16	324505	0.194771
  16	324509	0.0663143
  16	324513	0
  16	324517	0.332444
  16	324521	0.704538
  16	324525	0.33136
  16	325036	0.151892
  16	325040	0.0292923
  16	325044	0.00764673
  16	325048	0.902917
  16	325052	0.83326
  16	325056	0.144178
  16	412249	0.0696277
  16	412253	0
  16	412257	0
  16	412261	0.40506
  16	412265	0.881657
  16	412269	0.343578
  16	412708	0.151892
  16	412712	0.0292923
  16	412716	0.00764673
  16	412720	0.902917
  16	412724	0.83326
  16	412728	0.144178
  16	499897	0.0696277
  16	499901	0
  16	499905	0
  16	499909	0.40506
  16	499913	0.881657
  16	499917	0.343578
  16	500186	0.0719916
  16	500190	0
  16	500194	0
  16	500198	0.510702
  16	500202	0.827404
  16	500206	0.103225
  16	587569	0.0696277
  16	587573	0
  16	587577	0
  16	587581	0.40506
  16	587585	0.881657
  16	587589	0.343578
  16	587858	0.0719916
  16	587862	0
  16	587866	0
  16	587870	0.510702
  16	587874	0.827404
  16	587878	0.103225
  19	324505	0
  19	324509	0.0969003
  19	324513	0.0496361
  19	324517	0.125222
  19	324521	0.62176
  19	324525	0.0874545
  19	325036	0
  19	325040	0
  19	325044	0.0154329
  19	325048	0.281451
  19	325052	0.109316
  19	325056	0
  19	412249	0
  19	412253	0.0256848
  19	412257	0
  19	412261	0.0921664
  19	412265	0.243466
  19	412269	0.177658
  19	412708	0
  19	412712	0
  19	412716	0.0154329
  19	412720	0.281451
  19	412724	0.109316
  19	412728	0
  19	499897	0
  19	499901	0.0256848
  19	499905	0
  19	499909	0.0921664
  19	499913	0.243466
  19	499917	0.177658
  19	500186	0.0650826
  19	500190	0.431992
  19	500194	0.00229562
  19	500198	0.408806
  19	500202	0.245095
  19	500206	0.0446684
  19	587569	0
  19	587573	0.0256848
  19	587577	0
  19	587581	0.0921664
  19	587585	0.243466
  19	587589	0.177658
  19	587858	0.0650826
  19	587862	0.431992
  19	587866	0.00229562
  19	587870	0.408806
  19	587874	0.245095
  19	587878	0.0446684
   2	324505	0
   2	324509	0
   2	324513	0
   2	324517	0.0726938
   2	324521	0.0607794
   2	324525	0.0017266
   2	325036	0
   2	325040	0
   2	325044	0.10633
   2	325048	0.126546
   2	325052	0.0376507
   2	325056	0
   2	412249	0
   2	412253	0
   2	412257	0
   2	412261	0.0342196
   2	412265	0.115812
   2	412269	0.00823927
   2	412708	0
   2	412712	0
   2	412716	0.10633
   2	412720	0.126546
   2	412724	0.0376507
   2	412728	0
   2	499897	0
   2	499901	0
   2	499905	0
   2	499909	0.0342196
   2	499913	0.115812
   2	499917	0.00823927
   2	500186	0
   2	500190	0
   2	500194	0
   2	500198	0.229509
   2	500202	0.295143
   2	500206	0.00108789
   2	587569	0
   2	587573	0
   2	587577	0
   2	587581	0.0342196
   2	587585	0.115812
   2	587589	0.00823927
   2	587858	0
   2	587862	0
   2	587866	0
   2	587870	0.229509
   2	587874	0.295143
   2	587878	0.00108789
  20	324505	0
  20	324509	0.271938
  20	324513	0.0270399
  20	324517	0.124428
  20	324521	0.670785
  20	324525	0.104729
  20	325036	0
  20	325040	0
  20	325044	0.00698579
  20	325048	0.625643
  20	325052	0.357073
  20	325056	0
  20	412249	0
  20	412253	0
  20	412257	0
  20	412261	0.0489179
  20	412265	0.559326
  20	412269	0.293747
  20	412708	0
  20	412712	0
  20	412716	0.00698579
  20	412720	0.625643
  20	412724	0.357073
  20	412728	0
  20	499897	0
  20	499901	0
  20	499905	0
  20	499909	0.0489179
  20	499913	0.559326
  20	499917	0.293747
  20	500186	0.11482
  20	500190	0.545761
  20	500194	0.00137198
  20	500198	0.560305
  20	500202	0.52715
  20	500206	0.0464314
  20	587569	0
  20	587573	0
  20	587577	0
  20	587581	0.0489179
  20	587585	0.559326
  20	587589	0.293747
  20	587858	0.11482
  20	587862	0.545761
  20	587866	0.00137198
  20	587870	0.560305
  20	587874	0.52715
  20	587878	0.0464314
  21	324505	0
  21	324509	0.389013
  21	324513	0.173914
  21	324517	0.165815
  21	324521	0.298791
  21	324525	0.0640592
  21	325036	0.0111427
  21	325040	0.0303478
  21	325044	0.0411191
  21	325048	0.332732
  21	325052	0.162008
  21	325056	0
  21	412249	0
  21	412253	0.28235
  21	412257	0.106215
  21	412261	0.161419
  21	412265	0.257264
  21	412269	0.0956149
  21	412708	0.0111427
  21	412712	0.0303478
  21	412716	0.0411191
  21	412720	0.332732
  21	412724	0.162008
  21	412728	0
  21	499897	0
  21	499901	0.28235
  21	499905	0.106215
  21	499909	0.161419
  21	499913	0.257264
  21	499917	0.0956149
  21	500186	0.367177
  21	500190	0.588874
  21	500194	0.0299922
  21	500198	0.158152
  21	500202	0.35296
  21	500206	0.0462441
  21	587569	0
  21	587573	0.28235
  21	587577	0.106215
  21	587581	0.161419
  21	587585	0.257264
  21	587589	0.0956149
  21	587858	0.367177
  21	587862	0.588874
  21	587866	0.0299922
  21	587870	0.158152
  21	587874	0.35296
  21	587878	0.0462441
  22	324505	0
  22	324509	0.114333
  22	324513	0
  22	324517	0.0572506
  22	324521	0.170349
  22	324525	0.0466946
  22	325036	0
  22	325040	0.0123552
  22	325044	0.0110359
  22	325048	0.120907
  22	325052	0.122171
  22	325056	0
  22	412249	0
  22	412253	0.0302396
  22	412257	0
  22	412261	0.0655513
  22	412265	0.190086
  22	412269	0.0040754
  22	412708	0
  22	412712	0.0123552
  22	412716	0.0110359
  22	412720	0.120907
  22	412724	0.122171
  22	412728	0
  22	499897	0
  22	499901	0.0302396
  22	499905	0
  22	499909	0.0655513
  22	499913	0.190086
  22	499917	0.0040754
  22	500186	0.164087
  22	500190	0.229971
  22	500194	0
  22	500198	0.0732327
  22	500202	0.184125
  22	500206	0
  22	587569	0
  22	587573	0.0302396
  22	587577	0
  22	587581	0.0655513
  22	587585	0.190086
  22	587589	0.0040754
  22	587858	0.164087
  22	587862	0.229971
  22	587866	0
  22	587870	0.0732327
  22	587874	0.184125
  22	587878	0
  23	324505	0.0703348
  23	324509	0.497846
  23	324513	0.0427155
  23	324517	0.179571
  23	324521	0.343418
  23	324525	0.0146813
  23	325036	0.0624411
  23	325040	0.0678202
  23	325044	0.0753102
  23	325048	0.257377
  23	325052	0.126958
  23	325056	0
  23	412249	0
  23	412253	0.0309766
  23	412257	0.00496323
  23	412261	0.14173
  23	412265	0.473788
  23	412269	0.0961821
  23	412708	0.0624411
  23	412712	0.0678202
  23	412716	0.0753102
  23	412720	0.257377
  23	412724	0.126958
  23	412728	0
  23	499897	0
  23	499901	0.0309766
  23	499905	0.00496323
  23	499909	0.14173
  23	499913	0.473788
  23	499917	0.0961821
  23	500186	0.452656
  23	500190	0.606298
  23	500194	0.0107668
  23	500198	0.187706
  23	500202	0.332894
  23	500206	0
  23	587569	0
  23	587573	0.0309766
  23	587577	0.00496323
  23	587581	0.14173
  23	587585	0.473788
  23	587589	0.0961821
  23	587858	0.452656
  23	587862	0.606298
  23	587866	0.0107668
  23	587870	0.187706
  23	587874	0.332894
  23	587878	0
  25	324505	0.0585218
  25	324509	0.421672
  25	324513	0.0250334
  25	324517	0.103381
  25	324521	0.151974
  25	324525	0.00453062
  25	325036	0.0828443
  25	325040	0.113752
  25	325044	0.0262989
  25	325048	0.164973
  25	325052	0.0424057
  25	325056	0
  25	412249	0.0087375
  25	412253	0.13597
  25	412257	0.0196485
  25	412261	0.0462009
  25	412265	0.346144
  25	412269	0.054698
  25	412708	0.0828443
  25	412712	0.113752
  25	412716	0.0262989
  25	412720	0.164973
  25	412724	0.0424057
  25	412728	0
  25	499897	0.0087375
  25	499901	0.13597
  25	499905	0.0196485
  25	499909	0.0462009
  25	499913	0.346144
  25	499917	0.054698
  25	500186	0.471498
  25	500190	0.481396
  25	500194	0.00129769
  25	500198	0.0949926
  25	500202	0.242128
  25	500206	0
  25	587569	0.0087375
  25	587573	0.13597
  25	587577	0.0196485
  25	587581	0.0462009
  25	587585	0.346144
  25	587589	0.054698
  25	587858	0.471498
  25	587862	0.481396
  25	587866	0.00129769
  25	587870	0.0949926
  25	587874	0.242128
  25	587878	0
 282	324505	0.32
 282	324509	0.12
 282	324513	0.06
 282	324517	0
 282	324521	0.01
 282	324525	0.01
 282	325036	0
 282	325040	0.01
 282	325044	0
 282	325048	0
 282	325052	0.01
 282	325056	0
 282	412249	0.22
 282	412253	0.22
 282	412257	0.3
 282	412261	0.09
 282	412265	0.04
 282	412269	0
 282	412708	0
 282	412712	0.01
 282	412716	0
 282	412720	0
 282	412724	0.01
 282	412728	0
 282	499897	0.22
 282	499901	0.22
 282	499905	0.3
 282	499909	0.09
 282	499913	0.04
 282	499917	0
 282	500186	0
 282	500190	0
 282	500194	0
 282	500198	0
 282	500202	0.01
 282	500206	0
 282	587569	0.22
 282	587573	0.22
 282	587577	0.3
 282	587581	0.09
 282	587585	0.04
 282	587589	0
 282	587858	0
 282	587862	0
 282	587866	0
 282	587870	0
 282	587874	0.01
 282	587878	0
 283	324505	0.661199
 283	324509	0.836731
 283	324513	0.562761
 283	324517	0.518267
 283	324521	0.703042
 283	324525	0.802365
 283	325036	0.0222277
 283	325040	0.0902033
 283	325044	0.111129
 283	325048	0.0734323
 283	325052	0.145066
 283	325056	0.244694
 283	412249	0.869847
 283	412253	0.907262
 283	412257	0.855352
 283	412261	0.808277
 283	412265	0.630779
 283	412269	0.454177
 283	412708	0.0222277
 283	412712	0.0902033
 283	412716	0.111129
 283	412720	0.0734323
 283	412724	0.145066
 283	412728	0.244694
 283	499897	0.869847
 283	499901	0.907262
 283	499905	0.855352
 283	499909	0.808277
 283	499913	0.630779
 283	499917	0.454177
 283	500186	0.459395
 283	500190	0.638106
 283	500194	0.317553
 283	500198	0.290032
 283	500202	0.22894
 283	500206	0.351198
 283	587569	0.869847
 283	587573	0.907262
 283	587577	0.855352
 283	587581	0.808277
 283	587585	0.630779
 283	587589	0.454177
 283	587858	0.459395
 283	587862	0.638106
 283	587866	0.317553
 283	587870	0.290032
 283	587874	0.22894
 283	587878	0.351198
 284	324505	0.722404
 284	324509	0.558421
 284	324513	0.399871
 284	324517	0.451035
 284	324521	0.458392
 284	324525	0.72655
 284	325036	0.0126597
 284	325040	0.0314343
 284	325044	0.069491
 284	325048	0.0333477
 284	325052	0
 284	325056	0.162828
 284	412249	0.794699
 284	412253	0.711279
 284	412257	0.843436
 284	412261	0.812735
 284	412265	0.650641
 284	412269	0.535793
 284	412708	0.0126597
 284	412712	0.0314343
 284	412716	0.069491
 284	412720	0.0333477
 284	412724	0
 284	412728	0.162828
 284	499897	0.794699
 284	499901	0.711279
 284	499905	0.843436
 284	499909	0.812735
 284	499913	0.650641
 284	499917	0.535793
 284	500186	0.38315
 284	500190	0.389604
 284	500194	0.43515
 284	500198	0.570472
 284	500202	0.457039
 284	500206	0.573993
 284	587569	0.794699
 284	587573	0.711279
 284	587577	0.843436
 284	587581	0.812735
 284	587585	0.650641
 284	587589	0.535793
 284	587858	0.38315
 284	587862	0.389604
 284	587866	0.43515
 284	587870	0.570472
 284	587874	0.457039
 284	587878	0.573993
 285	324505	0
 285	324509	0.58
 285	324513	0.71
 285	324517	0.59
 285	324521	0
 285	324525	0.15
 285	325036	0.65
 285	325040	0.26
 285	325044	0.07
 285	325048	0
 285	325052	0.23
 285	325056	0.04
 285	412249	0.01
 285	412253	0.42
 285	412257	0.52
 285	412261	0.55
 285	412265	0
 285	412269	0.21
 285	412708	0.65
 285	412712	0.26
 285	412716	0.07
 285	412720	0
 285	412724	0.23
 285	412728	0.04
 285	499897	0.01
 285	499901	0.42
 285	499905	0.52
 285	499909	0.55
 285	499913	0
 285	499917	0.21
 285	500186	0
 285	500190	0.46
 285	500194	0.68
 285	500198	0.03
 285	500202	0.11
 285	500206	0.22
 285	587569	0.01
 285	587573	0.42
 285	587577	0.52
 285	587581	0.55
 285	587585	0
 285	587589	0.21
 285	587858	0
 285	587862	0.46
 285	587866	0.68
 285	587870	0.03
 285	587874	0.11
 285	587878	0.22
 286	324505	0
 286	324509	0.06
 286	324513	0.29
 286	324517	0.43
 286	324521	0.01
 286	324525	0.22
 286	325036	1
 286	325040	1
 286	325044	1
 286	325048	0.98
 286	325052	0.83
 286	325056	0.91
 286	412249	0.31
 286	412253	0.11
 286	412257	0.02
 286	412261	0
 286	412265	0
 286	412269	0
 286	412708	1
 286	412712	1
 286	412716	1
 286	412720	0.98
 286	412724	0.83
 286	412728	0.91
 286	499897	0.31
 286	499901	0.11
 286	499905	0.02
 286	499909	0
 286	499913	0
 286	499917	0
 286	500186	1
 286	500190	1
 286	500194	1
 286	500198	1
 286	500202	0.99
 286	500206	1
 286	587569	0.31
 286	587573	0.11
 286	587577	0.02
 286	587581	0
 286	587585	0
 286	587589	0
 286	587858	1
 286	587862	1
 286	587866	1
 286	587870	1
 286	587874	0.99
 286	587878	1
 287	324505	0.22
 287	324509	0.03
 287	324513	0.01
 287	324517	0.03
 287	324521	0.3
 287	324525	0.3
 287	325036	0.52
 287	325040	0.33
 287	325044	0.22
 287	325048	0
 287	325052	0
 287	325056	0
 287	412249	0.66
 287	412253	0.16
 287	412257	0.06
 287	412261	0.51
 287	412265	0.19
 287	412269	0.2
 287	412708	0.52
 287	412712	0.33
 287	412716	0.22
 287	412720	0
 287	412724	0
 287	412728	0
 287	499897	0.66
 287	499901	0.16
 287	499905	0.06
 287	499909	0.51
 287	499913	0.19
 287	499917	0.2
 287	500186	0.99
 287	500190	0.99
 287	500194	0.91
 287	500198	0.73
 287	500202	0.83
 287	500206	0.72
 287	587569	0.66
 287	587573	0.16
 287	587577	0.06
 287	587581	0.51
 287	587585	0.19
 287	587589	0.2
 287	587858	0.99
 287	587862	0.99
 287	587866	0.91
 287	587870	0.73
 287	587874	0.83
 287	587878	0.72
 289	324505	0.52
 289	324509	0.5
 289	324513	0.9
 289	324517	0.78
 289	324521	0.89
 289	324525	0.72
 289	325036	0
 289	325040	0
 289	325044	0
 289	325048	0
 289	325052	0.03
 289	325056	0.42
 289	412249	0.78
 289	412253	0.72
 289	412257	0.81
 289	412261	0.27
 289	412265	0.4
 289	412269	0.88
 289	412708	0
 289	412712	0
 289	412716	0
 289	412720	0
 289	412724	0.03
 289	412728	0.42
 289	499897	0.78
 289	499901	0.72
 289	499905	0.81
 289	499909	0.27
 289	499913	0.4
 289	499917	0.88
 289	500186	0.56
 289	500190	0.6
 289	500194	0.76
 289	500198	0.82
 289	500202	0.59
 289	500206	0.63
 289	587569	0.78
 289	587573	0.72
 289	587577	0.81
 289	587581	0.27
 289	587585	0.4
 289	587589	0.88
 289	587858	0.56
 289	587862	0.6
 289	587866	0.76
 289	587870	0.82
 289	587874	0.59
 289	587878	0.63
  29	324505	0.191867
  29	324509	0
  29	324513	0
  29	324517	0.947757
  29	324521	1
  29	324525	0.483347
  29	325036	0
  29	325040	0
  29	325044	0.00801673
  29	325048	1
  29	325052	0.973534
  29	325056	0.0803427
  29	412249	0
  29	412253	0
  29	412257	0
  29	412261	0.993288
  29	412265	1
  29	412269	0.412505
  29	412708	0
  29	412712	0
  29	412716	0.00801673
  29	412720	1
  29	412724	0.973534
  29	412728	0.0803427
  29	499897	0
  29	499901	0
  29	499905	0
  29	499909	0.993288
  29	499913	1
  29	499917	0.412505
  29	500186	0
  29	500190	0
  29	500194	0
  29	500198	0.984013
  29	500202	0.998824
  29	500206	0.440066
  29	587569	0
  29	587573	0
  29	587577	0
  29	587581	0.993288
  29	587585	1
  29	587589	0.412505
  29	587858	0
  29	587862	0
  29	587866	0
  29	587870	0.984013
  29	587874	0.998824
  29	587878	0.440066
 290	324505	0.79
 290	324509	0.75
 290	324513	0.85
 290	324517	0.59
 290	324521	0.98
 290	324525	0.98
 290	325036	0.02
 290	325040	0
 290	325044	0.06
 290	325048	0.01
 290	325052	0.06
 290	325056	0.19
 290	412249	0.62
 290	412253	0.86
 290	412257	0.95
 290	412261	0.55
 290	412265	0.46
 290	412269	0.83
 290	412708	0.02
 290	412712	0
 290	412716	0.06
 290	412720	0.01
 290	412724	0.06
 290	412728	0.19
 290	499897	0.62
 290	499901	0.86
 290	499905	0.95
 290	499909	0.55
 290	499913	0.46
 290	499917	0.83
 290	500186	0.67
 290	500190	0.56
 290	500194	0.67
 290	500198	0.67
 290	500202	0.58
 290	500206	0.59
 290	587569	0.62
 290	587573	0.86
 290	587577	0.95
 290	587581	0.55
 290	587585	0.46
 290	587589	0.83
 290	587858	0.67
 290	587862	0.56
 290	587866	0.67
 290	587870	0.67
 290	587874	0.58
 290	587878	0.59
 291	324505	0.61
 291	324509	0.95
 291	324513	0.8
 291	324517	0.68
 291	324521	0.99
 291	324525	1
 291	325036	0
 291	325040	0
 291	325044	0.1
 291	325048	0.02
 291	325052	0.08
 291	325056	0.2
 291	412249	0.69
 291	412253	0.86
 291	412257	0.86
 291	412261	0.65
 291	412265	0.72
 291	412269	0.62
 291	412708	0
 291	412712	0
 291	412716	0.1
 291	412720	0.02
 291	412724	0.08
 291	412728	0.2
 291	499897	0.69
 291	499901	0.86
 291	499905	0.86
 291	499909	0.65
 291	499913	0.72
 291	499917	0.62
 291	500186	0.32
 291	500190	0.45
 291	500194	0.28
 291	500198	0.35
 291	500202	0.19
 291	500206	0.18
 291	587569	0.69
 291	587573	0.86
 291	587577	0.86
 291	587581	0.65
 291	587585	0.72
 291	587589	0.62
 291	587858	0.32
 291	587862	0.45
 291	587866	0.28
 291	587870	0.35
 291	587874	0.19
 291	587878	0.18
 293	324505	0.68
 293	324509	0.57
 293	324513	0.57
 293	324517	0.66
 293	324521	0.72
 293	324525	0.67
 293	325036	0.02
 293	325040	0.09
 293	325044	0.09
 293	325048	0.21
 293	325052	0.17
 293	325056	0.07
 293	412249	0.89
 293	412253	0.81
 293	412257	0.89
 293	412261	0.66
 293	412265	0.36
 293	412269	0.15
 293	412708	0.02
 293	412712	0.09
 293	412716	0.09
 293	412720	0.21
 293	412724	0.17
 293	412728	0.07
 293	499897	0.89
 293	499901	0.81
 293	499905	0.89
 293	499909	0.66
 293	499913	0.36
 293	499917	0.15
 293	500186	0.13
 293	500190	0.31
 293	500194	0.06
 293	500198	0.08
 293	500202	0.05
 293	500206	0.01
 293	587569	0.89
 293	587573	0.81
 293	587577	0.89
 293	587581	0.66
 293	587585	0.36
 293	587589	0.15
 293	587858	0.13
 293	587862	0.31
 293	587866	0.06
 293	587870	0.08
 293	587874	0.05
 293	587878	0.01
 294	324505	0.6
 294	324509	0.48
 294	324513	0.34
 294	324517	0.54
 294	324521	0.67
 294	324525	0.5
 294	325036	0.08
 294	325040	0
 294	325044	0.03
 294	325048	0.09
 294	325052	0.17
 294	325056	0.05
 294	412249	0.71
 294	412253	0.67
 294	412257	0.77
 294	412261	0.25
 294	412265	0.8
 294	412269	0.58
 294	412708	0.08
 294	412712	0
 294	412716	0.03
 294	412720	0.09
 294	412724	0.17
 294	412728	0.05
 294	499897	0.71
 294	499901	0.67
 294	499905	0.77
 294	499909	0.25
 294	499913	0.8
 294	499917	0.58
 294	500186	0.19
 294	500190	0.17
 294	500194	0.16
 294	500198	0.04
 294	500202	0.03
 294	500206	0.13
 294	587569	0.71
 294	587573	0.67
 294	587577	0.77
 294	587581	0.25
 294	587585	0.8
 294	587589	0.58
 294	587858	0.19
 294	587862	0.17
 294	587866	0.16
 294	587870	0.04
 294	587874	0.03
 294	587878	0.13
 295	324505	0.48
 295	324509	0.68
 295	324513	0.79
 295	324517	0.98
 295	324521	0.56
 295	324525	0.13
 295	325036	0.05
 295	325040	0.25
 295	325044	0.69
 295	325048	0.64
 295	325052	0.4
 295	325056	0.09
 295	412249	0.75
 295	412253	0.8
 295	412257	0.84
 295	412261	0.58
 295	412265	0.73
 295	412269	0.81
 295	412708	0.05
 295	412712	0.25
 295	412716	0.69
 295	412720	0.64
 295	412724	0.4
 295	412728	0.09
 295	499897	0.75
 295	499901	0.8
 295	499905	0.84
 295	499909	0.58
 295	499913	0.73
 295	499917	0.81
 295	500186	0.53
 295	500190	0.39
 295	500194	0.1
 295	500198	0.11
 295	500202	0.06
 295	500206	0.02
 295	587569	0.75
 295	587573	0.8
 295	587577	0.84
 295	587581	0.58
 295	587585	0.73
 295	587589	0.81
 295	587858	0.53
 295	587862	0.39
 295	587866	0.1
 295	587870	0.11
 295	587874	0.06
 295	587878	0.02
 296	324505	0.48
 296	324509	0.68
 296	324513	0.79
 296	324517	0.98
 296	324521	0.56
 296	324525	0.13
 296	325036	0.05
 296	325040	0.25
 296	325044	0.69
 296	325048	0.64
 296	325052	0.4
 296	325056	0.09
 296	412249	0.75
 296	412253	0.8
 296	412257	0.84
 296	412261	0.58
 296	412265	0.73
 296	412269	0.81
 296	412708	0.05
 296	412712	0.25
 296	412716	0.69
 296	412720	0.64
 296	412724	0.4
 296	412728	0.09
 296	499897	0.75
 296	499901	0.8
 296	499905	0.84
 296	499909	0.58
 296	499913	0.73
 296	499917	0.81
 296	500186	0.53
 296	500190	0.39
 296	500194	0.1
 296	500198	0.11
 296	500202	0.06
 296	500206	0.02
 296	587569	0.75
 296	587573	0.8
 296	587577	0.84
 296	587581	0.58
 296	587585	0.73
 296	587589	0.81
 296	587858	0.53
 296	587862	0.39
 296	587866	0.1
 296	587870	0.11
 296	587874	0.06
 296	587878	0.02
 297	324505	0.07
 297	324509	0.24
 297	324513	0.3
 297	324517	0.3
 297	324521	0.02
 297	324525	0
 297	325036	0.03
 297	325040	0.15
 297	325044	0.31
 297	325048	0
 297	325052	0
 297	325056	0
 297	412249	0.8
 297	412253	0.96
 297	412257	0.82
 297	412261	0.26
 297	412265	0
 297	412269	0
 297	412708	0.03
 297	412712	0.15
 297	412716	0.31
 297	412720	0
 297	412724	0
 297	412728	0
 297	499897	0.8
 297	499901	0.96
 297	499905	0.82
 297	499909	0.26
 297	499913	0
 297	499917	0
 297	500186	0
 297	500190	0.05
 297	500194	0
 297	500198	0
 297	500202	0.01
 297	500206	0
 297	587569	0.8
 297	587573	0.96
 297	587577	0.82
 297	587581	0.26
 297	587585	0
 297	587589	0
 297	587858	0
 297	587862	0.05
 297	587866	0
 297	587870	0
 297	587874	0.01
 297	587878	0
 298	324505	0.01
 298	324509	0.24
 298	324513	0.48
 298	324517	0.31
 298	324521	0.14
 298	324525	0.02
 298	325036	0.02
 298	325040	0
 298	325044	0.33
 298	325048	0.04
 298	325052	0.03
 298	325056	0
 298	412249	0.58
 298	412253	0.84
 298	412257	0.4
 298	412261	0.28
 298	412265	0.17
 298	412269	0
 298	412708	0.02
 298	412712	0
 298	412716	0.33
 298	412720	0.04
 298	412724	0.03
 298	412728	0
 298	499897	0.58
 298	499901	0.84
 298	499905	0.4
 298	499909	0.28
 298	499913	0.17
 298	499917	0
 298	500186	0.02
 298	500190	0.04
 298	500194	0
 298	500198	0
 298	500202	0.02
 298	500206	0.01
 298	587569	0.58
 298	587573	0.84
 298	587577	0.4
 298	587581	0.28
 298	587585	0.17
 298	587589	0
 298	587858	0.02
 298	587862	0.04
 298	587866	0
 298	587870	0
 298	587874	0.02
 298	587878	0.01
 299	324505	0.31
 299	324509	0.37
 299	324513	0.57
 299	324517	0.47
 299	324521	0.58
 299	324525	0.04
 299	325036	0
 299	325040	0.02
 299	325044	0.15
 299	325048	0.04
 299	325052	0
 299	325056	0
 299	412249	0.77
 299	412253	0.81
 299	412257	0.88
 299	412261	0.8
 299	412265	0.1
 299	412269	0.08
 299	412708	0
 299	412712	0.02
 299	412716	0.15
 299	412720	0.04
 299	412724	0
 299	412728	0
 299	499897	0.77
 299	499901	0.81
 299	499905	0.88
 299	499909	0.8
 299	499913	0.1
 299	499917	0.08
 299	500186	0
 299	500190	0
 299	500194	0
 299	500198	0
 299	500202	0.16
 299	500206	0.02
 299	587569	0.77
 299	587573	0.81
 299	587577	0.88
 299	587581	0.8
 299	587585	0.1
 299	587589	0.08
 299	587858	0
 299	587862	0
 299	587866	0
 299	587870	0
 299	587874	0.16
 299	587878	0.02
   3	324505	0.0516497
   3	324509	0
   3	324513	0
   3	324517	0.0109374
   3	324521	0.110568
   3	324525	0.112167
   3	325036	0.0603656
   3	325040	0
   3	325044	0.00565625
   3	325048	0.508313
   3	325052	0.728622
   3	325056	0.0578812
   3	412249	0.059732
   3	412253	0.000730631
   3	412257	0.00524586
   3	412261	0.0864564
   3	412265	0.281108
   3	412269	0.162398
   3	412708	0.0603656
   3	412712	0
   3	412716	0.00565625
   3	412720	0.508313
   3	412724	0.728622
   3	412728	0.0578812
   3	499897	0.059732
   3	499901	0.000730631
   3	499905	0.00524586
   3	499909	0.0864564
   3	499913	0.281108
   3	499917	0.162398
   3	500186	0.355909
   3	500190	0.0450629
   3	500194	0.0401734
   3	500198	0.431981
   3	500202	0.549352
   3	500206	0.404017
   3	587569	0.059732
   3	587573	0.000730631
   3	587577	0.00524586
   3	587581	0.0864564
   3	587585	0.281108
   3	587589	0.162398
   3	587858	0.355909
   3	587862	0.0450629
   3	587866	0.0401734
   3	587870	0.431981
   3	587874	0.549352
   3	587878	0.404017
 300	324505	0.86
 300	324509	0.74
 300	324513	0.07
 300	324517	0
 300	324521	0.11
 300	324525	0.62
 300	325036	0.75
 300	325040	0.26
 300	325044	0
 300	325048	0.07
 300	325052	0.59
 300	325056	0.88
 300	412249	0.84
 300	412253	0.93
 300	412257	0.66
 300	412261	0.4
 300	412265	0.51
 300	412269	0.92
 300	412708	0.75
 300	412712	0.26
 300	412716	0
 300	412720	0.07
 300	412724	0.59
 300	412728	0.88
 300	499897	0.84
 300	499901	0.93
 300	499905	0.66
 300	499909	0.4
 300	499913	0.51
 300	499917	0.92
 300	500186	0.46
 300	500190	0
 300	500194	0.12
 300	500198	0.07
 300	500202	0.01
 300	500206	0.05
 300	587569	0.84
 300	587573	0.93
 300	587577	0.66
 300	587581	0.4
 300	587585	0.51
 300	587589	0.92
 300	587858	0.46
 300	587862	0
 300	587866	0.12
 300	587870	0.07
 300	587874	0.01
 300	587878	0.05
 301	324505	0.01
 301	324509	0.15
 301	324513	0.55
 301	324517	0.42
 301	324521	0.13
 301	324525	0.07
 301	325036	0.3
 301	325040	0
 301	325044	0
 301	325048	0
 301	325052	0.19
 301	325056	0.06
 301	412249	0.01
 301	412253	0.06
 301	412257	0.22
 301	412261	0.31
 301	412265	0.07
 301	412269	0.1
 301	412708	0.3
 301	412712	0
 301	412716	0
 301	412720	0
 301	412724	0.19
 301	412728	0.06
 301	499897	0.01
 301	499901	0.06
 301	499905	0.22
 301	499909	0.31
 301	499913	0.07
 301	499917	0.1
 301	500186	0.07
 301	500190	0
 301	500194	0.64
 301	500198	0
 301	500202	0.05
 301	500206	0.16
 301	587569	0.01
 301	587573	0.06
 301	587577	0.22
 301	587581	0.31
 301	587585	0.07
 301	587589	0.1
 301	587858	0.07
 301	587862	0
 301	587866	0.64
 301	587870	0
 301	587874	0.05
 301	587878	0.16
  31	324505	0.0921821
  31	324509	0.00444659
  31	324513	0.00183204
  31	324517	0.040917
  31	324521	0.344753
  31	324525	0.493399
  31	325036	0.057454
  31	325040	0.0118682
  31	325044	0.442289
  31	325048	0.736317
  31	325052	0.430391
  31	325056	0.242036
  31	412249	0.000655599
  31	412253	8.79205e-05
  31	412257	0
  31	412261	0.122056
  31	412265	0.191511
  31	412269	0.0505208
  31	412708	0.057454
  31	412712	0.0118682
  31	412716	0.442289
  31	412720	0.736317
  31	412724	0.430391
  31	412728	0.242036
  31	499897	0.000655599
  31	499901	8.79205e-05
  31	499905	0
  31	499909	0.122056
  31	499913	0.191511
  31	499917	0.0505208
  31	500186	0.112326
  31	500190	0.151307
  31	500194	0.313521
  31	500198	0.554779
  31	500202	0.552913
  31	500206	0.302472
  31	587569	0.000655599
  31	587573	8.79205e-05
  31	587577	0
  31	587581	0.122056
  31	587585	0.191511
  31	587589	0.0505208
  31	587858	0.112326
  31	587862	0.151307
  31	587866	0.313521
  31	587870	0.554779
  31	587874	0.552913
  31	587878	0.302472
  32	324505	0.0197758
  32	324509	0
  32	324513	0
  32	324517	0.0230492
  32	324521	0.458677
  32	324525	0.0733017
  32	325036	0
  32	325040	0
  32	325044	0.21335
  32	325048	0.731987
  32	325052	0.0925754
  32	325056	0
  32	412249	0.00777275
  32	412253	0
  32	412257	0
  32	412261	0.0967505
  32	412265	0.240015
  32	412269	0.000354976
  32	412708	0
  32	412712	0
  32	412716	0.21335
  32	412720	0.731987
  32	412724	0.0925754
  32	412728	0
  32	499897	0.00777275
  32	499901	0
  32	499905	0
  32	499909	0.0967505
  32	499913	0.240015
  32	499917	0.000354976
  32	500186	0
  32	500190	0
  32	500194	0.116033
  32	500198	0.556828
  32	500202	0.557899
  32	500206	0.0963918
  32	587569	0.00777275
  32	587573	0
  32	587577	0
  32	587581	0.0967505
  32	587585	0.240015
  32	587589	0.000354976
  32	587858	0
  32	587862	0
  32	587866	0.116033
  32	587870	0.556828
  32	587874	0.557899
  32	587878	0.0963918
  33	324505	0.13728
  33	324509	0.0634522
  33	324513	0.000245445
  33	324517	0.0665681
  33	324521	0.487784
  33	324525	0.460379
  33	325036	0
  33	325040	0
  33	325044	0.0233595
  33	325048	0.927184
  33	325052	0.908466
  33	325056	0.278812
  33	412249	0.13981
  33	412253	0
  33	412257	0.0593968
  33	412261	0.204741
  33	412265	0.627132
  33	412269	0.321374
  33	412708	0
  33	412712	0
  33	412716	0.0233595
  33	412720	0.927184
  33	412724	0.908466
  33	412728	0.278812
  33	499897	0.13981
  33	499901	0
  33	499905	0.0593968
  33	499909	0.204741
  33	499913	0.627132
  33	499917	0.321374
  33	500186	0.0975763
  33	500190	0.0664655
  33	500194	0.43509
  33	500198	0.790243
  33	500202	1
  33	500206	0.606432
  33	587569	0.13981
  33	587573	0
  33	587577	0.0593968
  33	587581	0.204741
  33	587585	0.627132
  33	587589	0.321374
  33	587858	0.0975763
  33	587862	0.0664655
  33	587866	0.43509
  33	587870	0.790243
  33	587874	1
  33	587878	0.606432
  34	324505	0
  34	324509	0
  34	324513	0
  34	324517	0.078411
  34	324521	0.0731361
  34	324525	0.044996
  34	325036	0
  34	325040	0
  34	325044	0.0612724
  34	325048	0.207383
  34	325052	0.1304
  34	325056	0
  34	412249	0.00548834
  34	412253	0.000278249
  34	412257	0
  34	412261	0.0801695
  34	412265	0.064585
  34	412269	0.0505241
  34	412708	0
  34	412712	0
  34	412716	0.0612724
  34	412720	0.207383
  34	412724	0.1304
  34	412728	0
  34	499897	0.00548834
  34	499901	0.000278249
  34	499905	0
  34	499909	0.0801695
  34	499913	0.064585
  34	499917	0.0505241
  34	500186	0.000785253
  34	500190	0
  34	500194	0.0722709
  34	500198	0.0898772
  34	500202	0.112378
  34	500206	0.0308702
  34	587569	0.00548834
  34	587573	0.000278249
  34	587577	0
  34	587581	0.0801695
  34	587585	0.064585
  34	587589	0.0505241
  34	587858	0.000785253
  34	587862	0
  34	587866	0.0722709
  34	587870	0.0898772
  34	587874	0.112378
  34	587878	0.0308702
   4	324505	0.020285
   4	324509	0
   4	324513	0
   4	324517	0.0189387
   4	324521	0.0931464
   4	324525	0.0519774
   4	325036	0.00983417
   4	325040	0
   4	325044	0.0449878
   4	325048	0.141395
   4	325052	0.490323
   4	325056	0.0339205
   4	412249	0.0278695
   4	412253	0
   4	412257	0
   4	412261	0.01705
   4	412265	0.0964646
   4	412269	0.0918515
   4	412708	0.00983417
   4	412712	0
   4	412716	0.0449878
   4	412720	0.141395
   4	412724	0.490323
   4	412728	0.0339205
   4	499897	0.0278695
   4	499901	0
   4	499905	0
   4	499909	0.01705
   4	499913	0.0964646
   4	499917	0.0918515
   4	500186	0.0842261
   4	500190	0.00213489
   4	500194	0
   4	500198	0.182693
   4	500202	0.321025
   4	500206	0.20406
   4	587569	0.0278695
   4	587573	0
   4	587577	0
   4	587581	0.01705
   4	587585	0.0964646
   4	587589	0.0918515
   4	587858	0.0842261
   4	587862	0.00213489
   4	587866	0
   4	587870	0.182693
   4	587874	0.321025
   4	587878	0.20406
   6	324505	0.505969
   6	324509	0.635601
   6	324513	0.107171
   6	324517	0.286496
   6	324521	0.164008
   6	324525	0.000384647
   6	325036	0.12629
   6	325040	0.0190725
   6	325044	0.0179167
   6	325048	0.364485
   6	325052	0.0347388
   6	325056	0.173168
   6	412249	0.230066
   6	412253	0.48167
   6	412257	0.264955
   6	412261	0.205753
   6	412265	0.298865
   6	412269	0.0105065
   6	412708	0.12629
   6	412712	0.0190725
   6	412716	0.0179167
   6	412720	0.364485
   6	412724	0.0347388
   6	412728	0.173168
   6	499897	0.230066
   6	499901	0.48167
   6	499905	0.264955
   6	499909	0.205753
   6	499913	0.298865
   6	499917	0.0105065
   6	500186	0.777018
   6	500190	0.606734
   6	500194	0.301146
   6	500198	0.478813
   6	500202	0.104589
   6	500206	0
   6	587569	0.230066
   6	587573	0.48167
   6	587577	0.264955
   6	587581	0.205753
   6	587585	0.298865
   6	587589	0.0105065
   6	587858	0.777018
   6	587862	0.606734
   6	587866	0.301146
   6	587870	0.478813
   6	587874	0.104589
   6	587878	0
   7	324505	0
   7	324509	0.0361137
   7	324513	0
   7	324517	0.0635805
   7	324521	0.109046
   7	324525	0.00103527
   7	325036	0.0359637
   7	325040	0
   7	325044	0.00381128
   7	325048	0.154592
   7	325052	0.0729931
   7	325056	0
   7	412249	0.190002
   7	412253	0.202522
   7	412257	0.0565475
   7	412261	0.0252225
   7	412265	0.239277
   7	412269	0.0248001
   7	412708	0.0359637
   7	412712	0
   7	412716	0.00381128
   7	412720	0.154592
   7	412724	0.0729931
   7	412728	0
   7	499897	0.190002
   7	499901	0.202522
   7	499905	0.0565475
   7	499909	0.0252225
   7	499913	0.239277
   7	499917	0.0248001
   7	500186	0.00153883
   7	500190	0.463538
   7	500194	0.0646971
   7	500198	0.0686242
   7	500202	0.119026
   7	500206	0.0210631
   7	587569	0.190002
   7	587573	0.202522
   7	587577	0.0565475
   7	587581	0.0252225
   7	587585	0.239277
   7	587589	0.0248001
   7	587858	0.00153883
   7	587862	0.463538
   7	587866	0.0646971
   7	587870	0.0686242
   7	587874	0.119026
   7	587878	0.0210631
   8	324505	0.270686
   8	324509	0.247614
   8	324513	0
   8	324517	0.246196
   8	324521	0.200351
   8	324525	0
   8	325036	0
   8	325040	0
   8	325044	0.0195644
   8	325048	0.344941
   8	325052	0.0588084
   8	325056	0.00430107
   8	412249	0.15803
   8	412253	0.329896
   8	412257	0.0944512
   8	412261	0.116047
   8	412265	0.346157
   8	412269	0.00983407
   8	412708	0
   8	412712	0
   8	412716	0.0195644
   8	412720	0.344941
   8	412724	0.0588084
   8	412728	0.00430107
   8	499897	0.15803
   8	499901	0.329896
   8	499905	0.0944512
   8	499909	0.116047
   8	499913	0.346157
   8	499917	0.00983407
   8	500186	0.61769
   8	500190	0.667452
   8	500194	0.218514
   8	500198	0.400083
   8	500202	0.219288
   8	500206	0.0149165
   8	587569	0.15803
   8	587573	0.329896
   8	587577	0.0944512
   8	587581	0.116047
   8	587585	0.346157
   8	587589	0.00983407
   8	587858	0.61769
   8	587862	0.667452
   8	587866	0.218514
   8	587870	0.400083
   8	587874	0.219288
   8	587878	0.0149165
Canela_1	324505	0.0824176
Canela_1	324509	0
Canela_1	324513	0
Canela_1	324517	0.197802
Canela_1	324521	0
Canela_1	324525	0.021978
Canela_1	325036	0.153846
Canela_1	325040	0.0384615
Canela_1	325044	0.307692
Canela_1	325048	0.598901
Canela_1	325052	0.873626
Canela_1	325056	0.791209
Canela_1	412249	0.175824
Canela_1	412253	0.159341
Canela_1	412257	0
Canela_1	412261	0
Canela_1	412265	0.104396
Canela_1	412269	0.208791
Canela_1	412708	0.153846
Canela_1	412712	0.0384615
Canela_1	412716	0.307692
Canela_1	412720	0.598901
Canela_1	412724	0.873626
Canela_1	412728	0.791209
Canela_1	499897	0.175824
Canela_1	499901	0.159341
Canela_1	499905	0
Canela_1	499909	0
Canela_1	499913	0.104396
Canela_1	499917	0.208791
Canela_1	500186	0
Canela_1	500190	0
Canela_1	500194	0.17033
Canela_1	500198	0.032967
Canela_1	500202	0
Canela_1	500206	0
Canela_1	587569	0.175824
Canela_1	587573	0.159341
Canela_1	587577	0
Canela_1	587581	0
Canela_1	587585	0.104396
Canela_1	587589	0.208791
Canela_1	587858	0
Canela_1	587862	0
Canela_1	587866	0.17033
Canela_1	587870	0.032967
Canela_1	587874	0
Canela_1	587878	0
Canela_2	324505	0.238333
Canela_2	324509	0.00833333
Canela_2	324513	0.00166667
Canela_2	324517	0.161667
Canela_2	324521	0.005
Canela_2	324525	0.0333333
Canela_2	325036	0.263333
Canela_2	325040	0.08
Canela_2	325044	0.426667
Canela_2	325048	0.746667
Canela_2	325052	0.915
Canela_2	325056	0.861667
Canela_2	412249	0.405
Canela_2	412253	0.263333
Canela_2	412257	0
Canela_2	412261	0
Canela_2	412265	0.095
Canela_2	412269	0.353333
Canela_2	412708	0.263333
Canela_2	412712	0.08
Canela_2	412716	0.426667
Canela_2	412720	0.746667
Canela_2	412724	0.915
Canela_2	412728	0.861667
Canela_2	499897	0.405
Canela_2	499901	0.263333
Canela_2	499905	0
Canela_2	499909	0
Canela_2	499913	0.095
Canela_2	499917	0.353333
Canela_2	500186	0.00166667
Canela_2	500190	0.00833333
Canela_2	500194	0.155
Canela_2	500198	0.0283333
Canela_2	500202	0.00166667
Canela_2	500206	0
Canela_2	587569	0.405
Canela_2	587573	0.263333
Canela_2	587577	0
Canela_2	587581	0
Canela_2	587585	0.095
Canela_2	587589	0.353333
Canela_2	587858	0.00166667
Canela_2	587862	0.00833333
Canela_2	587866	0.155
Canela_2	587870	0.0283333
Canela_2	587874	0.00166667
Canela_2	587878	0
Lebu_(Cristoro)	324505	0.257576
Lebu_(Cristoro)	324509	0.272727
Lebu_(Cristoro)	324513	0.106061
Lebu_(Cristoro)	324517	0.030303
Lebu_(Cristoro)	324521	0.0909091
Lebu_(Cristoro)	324525	0.0151515
Lebu_(Cristoro)	325036	0.136364
Lebu_(Cristoro)	325040	0.136364
Lebu_(Cristoro)	325044	0.181818
Lebu_(Cristoro)	325048	0.212121
Lebu_(Cristoro)	325052	0.318182
Lebu_(Cristoro)	325056	0.257576
Lebu_(Cristoro)	412249	0.121212
Lebu_(Cristoro)	412253	0.19697
Lebu_(Cristoro)	412257	0.0909091
Lebu_(Cristoro)	412261	0.212121
Lebu_(Cristoro)	412265	0.106061
Lebu_(Cristoro)	412269	0.0606061
Lebu_(Cristoro)	412708	0.136364
Lebu_(Cristoro)	412712	0.136364
Lebu_(Cristoro)	412716	0.181818
Lebu_(Cristoro)	412720	0.212121
Lebu_(Cristoro)	412724	0.318182
Lebu_(Cristoro)	412728	0.257576
Lebu_(Cristoro)	499897	0.121212
Lebu_(Cristoro)	499901	0.19697
Lebu_(Cristoro)	499905	0.0909091
Lebu_(Cristoro)	499909	0.212121
Lebu_(Cristoro)	499913	0.106061
Lebu_(Cristoro)	499917	0.0606061
Lebu_(Cristoro)	500186	0.121212
Lebu_(Cristoro)	500190	0.030303
Lebu_(Cristoro)	500194	0.0909091
Lebu_(Cristoro)	500198	0.0606061
Lebu_(Cristoro)	500202	0.181818
Lebu_(Cristoro)	500206	0.257576
Lebu_(Cristoro)	587569	0.121212
Lebu_(Cristoro)	587573	0.19697
Lebu_(Cristoro)	587577	0.0909091
Lebu_(Cristoro)	587581	0.212121
Lebu_(Cristoro)	587585	0.106061
Lebu_(Cristoro)	587589	0.0606061
Lebu_(Cristoro)	587858	0.121212
Lebu_(Cristoro)	587862	0.030303
Lebu_(Cristoro)	587866	0.0909091
Lebu_(Cristoro)	587870	0.0606061
Lebu_(Cristoro)	587874	0.181818
Lebu_(Cristoro)	587878	0.257576
Monte_Redondo	324505	0.0125
Monte_Redondo	324509	0
Monte_Redondo	324513	0.0270833
Monte_Redondo	324517	0.1625
Monte_Redondo	324521	0.00416667
Monte_Redondo	324525	0.0625
Monte_Redondo	325036	0.610417
Monte_Redondo	325040	0.247917
Monte_Redondo	325044	0.385417
Monte_Redondo	325048	0.672917
Monte_Redondo	325052	0.854167
Monte_Redondo	325056	0.83125
Monte_Redondo	412249	0.175
Monte_Redondo	412253	0.154167
Monte_Redondo	412257	0
Monte_Redondo	412261	0
Monte_Redondo	412265	0.214583
Monte_Redondo	412269	0.391667
Monte_Redondo	412708	0.610417
Monte_Redondo	412712	0.247917
Monte_Redondo	412716	0.385417
Monte_Redondo	412720	0.672917
Monte_Redondo	412724	0.854167
Monte_Redondo	412728	0.83125
Monte_Redondo	499897	0.175
Monte_Redondo	499901	0.154167
Monte_Redondo	499905	0
Monte_Redondo	499909	0
Monte_Redondo	499913	0.214583
Monte_Redondo	499917	0.391667
Monte_Redondo	500186	0
Monte_Redondo	500190	0.0875
Monte_Redondo	500194	0.241667
Monte_Redondo	500198	0.0791667
Monte_Redondo	500202	0
Monte_Redondo	500206	0.0604167
Monte_Redondo	587569	0.175
Monte_Redondo	587573	0.154167
Monte_Redondo	587577	0
Monte_Redondo	587581	0
Monte_Redondo	587585	0.214583
Monte_Redondo	587589	0.391667
Monte_Redondo	587858	0
Monte_Redondo	587862	0.0875
Monte_Redondo	587866	0.241667
Monte_Redondo	587870	0.0791667
Monte_Redondo	587874	0
Monte_Redondo	587878	0.0604167
Totoral_(eolica)	324505	0.076087
Totoral_(eolica)	324509	0
Totoral_(eolica)	324513	0
Totoral_(eolica)	324517	0.197826
Totoral_(eolica)	324521	0.00217391
Totoral_(eolica)	324525	0
Totoral_(eolica)	325036	0.295652
Totoral_(eolica)	325040	0.108696
Totoral_(eolica)	325044	0.0956522
Totoral_(eolica)	325048	0.284783
Totoral_(eolica)	325052	0.91087
Totoral_(eolica)	325056	0.93913
Totoral_(eolica)	412249	0.182609
Totoral_(eolica)	412253	0.241304
Totoral_(eolica)	412257	0
Totoral_(eolica)	412261	0
Totoral_(eolica)	412265	0.123913
Totoral_(eolica)	412269	0
Totoral_(eolica)	412708	0.295652
Totoral_(eolica)	412712	0.108696
Totoral_(eolica)	412716	0.0956522
Totoral_(eolica)	412720	0.284783
Totoral_(eolica)	412724	0.91087
Totoral_(eolica)	412728	0.93913
Totoral_(eolica)	499897	0.182609
Totoral_(eolica)	499901	0.241304
Totoral_(eolica)	499905	0
Totoral_(eolica)	499909	0
Totoral_(eolica)	499913	0.123913
Totoral_(eolica)	499917	0
Totoral_(eolica)	500186	0.00217391
Totoral_(eolica)	500190	0
Totoral_(eolica)	500194	0.0826087
Totoral_(eolica)	500198	0.0717391
Totoral_(eolica)	500202	0.00217391
Totoral_(eolica)	500206	0.00869565
Totoral_(eolica)	587569	0.182609
Totoral_(eolica)	587573	0.241304
Totoral_(eolica)	587577	0
Totoral_(eolica)	587581	0
Totoral_(eolica)	587585	0.123913
Totoral_(eolica)	587589	0
Totoral_(eolica)	587858	0.00217391
Totoral_(eolica)	587862	0
Totoral_(eolica)	587866	0.0826087
Totoral_(eolica)	587870	0.0717391
Totoral_(eolica)	587874	0.00217391
Totoral_(eolica)	587878	0.00869565
